[hidden_0]
function=tanh
bias=1.03324741821
input_0:-0.546162163014
input_1:-0.273888274481
input_2:0.173950006244
input_3:-0.0550672963203
input_4:-0.0336166353009
input_5:0.694960277875

[hidden_1]
function=tanh
bias=8.57699081288e-05
input_0:2.19544148207
input_1:0.131316859897
input_2:-2.89653203135
input_3:-0.272247329777
input_4:-1.09349410519
input_5:-0.998891785257

[hidden_2]
function=tanh
bias=-4.13512878629e-06
input_0:-0.0602178513656
input_1:-1.2844845632
input_2:1.52729477712
input_3:-0.322376678438
input_4:-1.13017052649
input_5:-0.410469015964

[hidden_3]
function=tanh
bias=0.305370210303
input_0:1.06545124859
input_1:-0.231642369512
input_2:-0.91676650452
input_3:-0.239418924392
input_4:-0.283059829406
input_5:-0.338132755887

[output_0]
function=logsig
bias=-5.85537998579e-09
hidden_0:-2.30761920488
hidden_1:1.77402333111
hidden_2:0.809809869764
hidden_3:-3.63327549007

