[hidden_0]
function=tanh
bias=1.20536815064
input_0:1.45538460394
input_1:-0.699680518993
input_2:-0.522760522722
input_3:-0.377389132813
input_4:-0.0701582717965
input_5:0.413686077475

[hidden_1]
function=tanh
bias=0.442346811063
input_0:-0.609784703048
input_1:0.44127962782
input_2:-0.321378572566
input_3:0.00735996025336
input_4:0.0243052026303
input_5:0.274600898518

[output_0]
function=logsig
bias=1.74334643588e-09
hidden_0:-1.44657103641
hidden_1:-1.77577958948

