[hidden_0]
function=tanh
bias=0.498292592857
input_0:-0.647681614641
input_1:0.713719376463
input_2:-0.929290178114
input_3:0.76019209635
input_4:-0.126846594205
input_5:0.0507290001274

[hidden_1]
function=tanh
bias=0.185116092762
input_0:0.226889619453
input_1:-0.902864831115
input_2:-0.360036322401
input_3:1.02572176238
input_4:0.333970499694
input_5:-0.32903700154

[hidden_2]
function=tanh
bias=-0.28350443969
input_0:0.0241685491607
input_1:1.10691434548
input_2:-0.680100986822
input_3:0.17983728101
input_4:0.195817998836
input_5:0.0304808519067

[output_0]
function=logsig
bias=-0.0542547559603
hidden_0:-0.539993497275
hidden_1:0.772400229475
hidden_2:-1.10361637679

