[hidden_0]
function=tanh
bias=0.896753020275
input_0:0.294889992448
input_1:-0.125156098304
input_2:-0.440765383431
input_3:-0.145529676145
input_4:0.136084854123
input_5:0.250950976743

[output_0]
function=logsig
bias=-9.12620002542e-18
hidden_0:-2.24293454218

