[hidden_0]
function=tanh
bias=0.767359434777
input_0:-0.195182585792
input_1:0.44103643617
input_2:-0.3792494515
input_3:0.777357240581
input_4:0.670321282758
input_5:0.202481071894

[hidden_1]
function=tanh
bias=0.256726761044
input_0:0.95889862347
input_1:-1.04082992493
input_2:-0.863670327502
input_3:-0.511295744637
input_4:0.594275678824
input_5:-0.25007355289

[hidden_2]
function=tanh
bias=-1.28467147912
input_0:-1.04831399619
input_1:1.1922005986
input_2:0.959210883259
input_3:0.467520013903
input_4:-0.888028940602
input_5:-0.555717838742

[output_0]
function=logsig
bias=-15.8226351676
hidden_0:0.286404115886
hidden_1:-2.68993042278
hidden_2:2.76704411365

