[hidden_0]
function=tanh
bias=2.52988490246
input_0:3.38138645582
input_1:-0.644677491081
input_2:-1.72968058865
input_3:-0.972731972526
input_4:-0.335917866065
input_5:0.782742228393

[hidden_1]
function=tanh
bias=0.00540219739185
input_0:-0.916727052883
input_1:0.921297415318
input_2:1.05064818497
input_3:1.05718347395
input_4:-0.0620457841559
input_5:-0.78442536335

[hidden_2]
function=tanh
bias=-0.301806090981
input_0:0.743127060838
input_1:-0.486665642424
input_2:0.433898926568
input_3:-0.191486325986
input_4:-0.121845677453
input_5:-0.237527883712

[output_0]
function=logsig
bias=-0.891214307287
hidden_0:-0.782220586671
hidden_1:0.69842192053
hidden_2:0.977592133137

