[hidden_0]
function=tanh
bias=0.0421777554028
input_0:0.0173217755386
input_1:0.0307183444018

[hidden_1]
function=tanh
bias=-1.72946703701
input_0:0.601788746205
input_1:-2.06384789004

[hidden_2]
function=tanh
bias=2.42740595509
input_0:3.46692916872
input_1:0.77589295299

[output_0]
function=logsig
bias=-0.855956830406
hidden_0:-142.29460984
hidden_1:-5.82380237735
hidden_2:5.02529011711

