[output_0]
activation_function=linear
bias=-0.812567606358
input_0:-0.534468663001
input_1:-0.615405628136
input_2:0.489785513019
input_3:-0.57268124483

