[output_0]
activation_function=linear
bias=-0.653901388699
input_0:0.105228613118
input_1:0.530106266342
input_2:0.852291406564
input_3:-0.135007907814

