[hidden_0]
function=tanh
bias=3.84863803539
input_0:-0.180380839094
input_1:-5.26646803832

[hidden_1]
function=tanh
bias=-1.83168873079
input_0:-4.53007751736
input_1:-1.30082314817

[hidden_2]
function=tanh
bias=-2.41605873176
input_0:-2.50528935877
input_1:-2.59433216115

[hidden_3]
function=tanh
bias=2.4151107016
input_0:-3.69786540063
input_1:1.48367225764

[output_0]
function=logsig
bias=-3.26835466615
hidden_0:1.93831069541
hidden_1:-1.15899894765
hidden_2:-0.965136367407
hidden_3:1.88190979726

