[hidden_0]
function=tanh
bias=-4.05991881088
input_0:1.27141882248
input_1:25.4024588431
input_2:-30.2697636635
input_3:-3.50761604285
input_4:-0.291304268925
input_5:0.536423456362

[hidden_1]
function=tanh
bias=-2.30758855736
input_0:1.02462581205
input_1:-2.94631678861
input_2:1.78104482095
input_3:-0.914510498547
input_4:-1.52212388672
input_5:1.91607740495

[hidden_2]
function=tanh
bias=3.29201388087
input_0:0.870734027376
input_1:-3.41325058443
input_2:1.76099132685
input_3:-1.59901567963
input_4:2.16029146347
input_5:-5.79530087038

[hidden_3]
function=tanh
bias=4.1442979174
input_0:0.527957790868
input_1:7.49183891561
input_2:-7.50807874335
input_3:-0.722024500101
input_4:0.079010786112
input_5:0.147579794987

[hidden_4]
function=tanh
bias=-4.68020162989
input_0:-0.118705176906
input_1:1.6475533524
input_2:10.4692860753
input_3:-7.13637159101
input_4:-0.229739908146
input_5:1.38491174402

[output_0]
function=logsig
bias=-1.05189241304
hidden_0:-0.650681111488
hidden_1:0.384706005592
hidden_3:-0.688620650468
hidden_2:0.396003885801
hidden_4:0.372077017093

