[hidden_0]
function=tanh
bias=0.234227847102
input_0:0.556142120692
input_1:0.191486277346
input_2:0.945617205969
input_3:0.632792329089
input_4:0.367543292464
input_5:0.0500155184562

[hidden_1]
function=tanh
bias=-0.0800667607445
input_0:0.22277630553
input_1:-0.23024478333
input_2:-0.748182242158
input_3:0.33937148201
input_4:0.753190954146
input_5:0.132598881336

[hidden_2]
function=tanh
bias=-0.979026165396
input_0:0.502246212915
input_1:0.0386932384689
input_2:0.564870684618
input_3:-1.09171650793
input_4:0.49580490321
input_5:-0.0142049136894

[hidden_3]
function=tanh
bias=0.546580637742
input_0:-0.715406285089
input_1:-0.0539531606568
input_2:-0.475749184949
input_3:-0.0600235121915
input_4:0.267015528857
input_5:0.56843568916

[hidden_4]
function=tanh
bias=-0.954334165059
input_0:-0.293913681835
input_1:0.679557412038
input_2:-0.77742982267
input_3:0.207589278679
input_4:-0.533886825867
input_5:-0.0455057143885

[hidden_5]
function=tanh
bias=-0.533438929772
input_0:0.851658906224
input_1:-0.985524213774
input_2:-0.194887307512
input_3:-0.199493146206
input_4:-0.555142611299
input_5:0.331929426951

[output_0]
function=logsig
bias=-0.230211485198
hidden_3:-0.515310918873
hidden_4:0.54726985112
hidden_0:-0.561995528774
hidden_1:0.399605051338
hidden_2:-0.173669005669
hidden_5:-0.220016982124

