[hidden_0]
function=tanh
bias=4.99532988885
input_0:1.95601445405
input_1:17.0140718235
input_2:-24.2445227287
input_3:-6.93374241748
input_4:0.251838255564
input_5:0.216591239626

[hidden_1]
function=tanh
bias=1.88278231026
input_0:0.394152710997
input_1:6.45348671083
input_2:-5.64031472078
input_3:-0.458787851793
input_4:0.0554572823164
input_5:0.109283425898

[output_0]
function=logsig
bias=-0.90584719483
hidden_0:-0.595948019229
hidden_1:-0.718197238232

