[hidden_0]
function=tanh
bias=-3.54056962094
input_0:0.813764876311
input_1:11.0593730485
input_2:-14.5804286519
input_3:-0.348667695513
input_4:0.203460515555
input_5:0.0392712288518

[hidden_1]
function=tanh
bias=0.262317971039
input_0:-3.34650610085
input_1:3.4852746103
input_2:15.4885747252
input_3:3.94589013698
input_4:0.0676126061988
input_5:-0.00395282978124

[hidden_2]
function=tanh
bias=-2.93853124595
input_0:0.179732167213
input_1:3.99589337878
input_2:-8.61571938446
input_3:-0.700978541348
input_4:0.582451074308
input_5:1.42630091214

[output_0]
function=logsig
bias=-0.43953877108
hidden_0:-0.489231033091
hidden_1:0.588659690196
hidden_2:-0.44585025756

