[hidden_0]
function=tanh
bias=-0.701277593488
input_0:-0.920366575852
input_1:-0.744849380253
input_2:0.604686515464
input_3:-0.734251207974
input_4:-0.882751667061
input_5:-0.107104891913

[hidden_1]
function=tanh
bias=0.332237297223
input_0:-0.259182612496
input_1:-0.890056562721
input_2:-0.285471967163
input_3:1.03373328222
input_4:0.434309905581
input_5:0.11635880081

[hidden_2]
function=tanh
bias=0.772755728469
input_0:-0.170788434009
input_1:0.605779185938
input_2:1.91268447724
input_3:0.115627237637
input_4:-0.0714379719622
input_5:-0.797174654343

[output_0]
function=logsig
bias=-0.492206225364
hidden_0:-0.00833184676363
hidden_1:-0.102887802903
hidden_2:0.890762120551

