[hidden_0]
function=tanh
bias=0.221738775714
input_0:-0.302685450205
input_1:-0.237635455895
input_2:1.73418648923
input_3:0.220971144564
input_4:-1.17342046978
input_5:-0.408550452509

[output_0]
function=logsig
bias=-0.00059329593436
hidden_0:1.3015227681

