[hidden_0]
function=tanh
bias=2.61213602309
input_0:-0.967105285311
input_1:-5.59030332773
input_2:14.2278133476
input_3:0.653165345253
input_4:-0.198306404268
input_5:-0.00708559458486

[hidden_1]
function=tanh
bias=-4.99155217191
input_0:0.288443070844
input_1:-0.830269031967
input_2:-1.83904728319
input_3:0.470041998481
input_4:0.571651675923
input_5:0.329900345333

[hidden_2]
function=tanh
bias=2.01089769284
input_0:1.61285232283
input_1:9.6789167024
input_2:1.65732494396
input_3:1.53071972775
input_4:-0.820990472426
input_5:-1.02749836736

[hidden_3]
function=tanh
bias=3.74453733894
input_0:-2.81862812161
input_1:14.1083187498
input_2:-0.235854974496
input_3:-4.32862418252
input_4:1.84778366419
input_5:3.49311436733

[output_0]
function=logsig
bias=0.170469035977
hidden_0:0.910808389754
hidden_1:-0.79838483579
hidden_2:-1.2869355176
hidden_3:-1.51622336252

