[hidden_0]
function=tanh
bias=-0.411212637962
input_0:0.0665938527113
input_1:-0.408468446798
input_2:0.948284057902
input_3:-0.521089630533
input_4:-0.781994276012
input_5:-0.422372035234

[hidden_1]
function=tanh
bias=0.738223776038
input_0:0.802095166489
input_1:-1.31950958185
input_2:-1.15008810562
input_3:-1.28404746108
input_4:0.0481331069932
input_5:0.678912588782

[hidden_2]
function=tanh
bias=-0.886199294643
input_0:-1.14910642466
input_1:-0.441823294165
input_2:0.894284925684
input_3:0.749505750545
input_4:0.332047083203
input_5:-0.314724168166

[output_0]
function=logsig
bias=-0.776283724538
hidden_0:0.608485974336
hidden_1:-0.488059545439
hidden_2:0.665014521812

