[hidden_0]
function=tanh
bias=0.0143037029791
input_0:-0.579414573759
input_1:0.164750833069
input_2:0.641429397596
input_3:0.266523386942
input_4:-0.097860629239
input_5:-0.356221296823

[hidden_1]
function=tanh
bias=1.79354778144
input_0:-0.251267365838
input_1:0.925602929114
input_2:-0.963359399447
input_3:0.371989232372
input_4:0.161841996949
input_5:-0.149789476475

[hidden_2]
function=tanh
bias=1.0301788994
input_0:-1.33744037793
input_1:0.834406275044
input_2:0.41566054008
input_3:0.0414383673205
input_4:-0.343624003432
input_5:0.219585574471

[output_0]
function=logsig
bias=0.0101855878749
hidden_0:1.82486525477
hidden_1:-0.958099298283
hidden_2:-0.994097494432

