[hidden_0]
function=tanh
bias=0.000280414459266
input_0:0.148093585242
input_1:-1.64889718745
input_2:0.881255045008
input_3:0.183120131018
input_4:0.106394094412
input_5:-0.399414001534

[output_0]
function=logsig
bias=-4.8005676821e-05
hidden_0:1.71151190794

